-49
-49
-49
-48
-49
-49
-49
-47
-48
-47
-49
-45
-47
-48
-47
-45
-46
-48
-40
-42
-47
-48
-48
-41
-45
-45
-39
-47
-48
-47
-46
-27
-41
-33
-46
-46
-36
-36
-40
-37
-37
-24
-29
-29
-39
-39
-48
-35
-36
-43
-41
-45
-41
-39
-38
-45
-47
-46
-47
-42
-40
-39
-40
25
-18
-24
-37
-25
-29
-45
-42
-32
-23
1
-28
-16
-33
-26
-25
-30
-25
-33
-29
7
-20
-21
-26
-8
-21
-38
-30
-10
-34
-42
-43
-13
-22
-32
-26
-30
-23
-23
-21
-37
-18
-30
-39
-25
-37
-13
-18
-38
-44
-37
-29
-38
-42
-36
-13
-38
-35
-26
-36
-12
58119
-27
-7
33
49
10
35
47
-12
10
-18
-22
-18
-12
-29
-33
-4
-23
2
-22
-13
-7
-1
14
37
20
-19
-4
20
-18
4
-2
-24
-10
-21
-24
-18
-16
-22
-9
-15
-13
-11
34
26
-19
-13
-19
-14
-7
68194
-7
13
-13
-19
-36
-37
-1
-6
50
50055
-21
-34
-41
-34
-29
-8
4
-10
4
3
5
49
-23
-6
-5
-3
15
-13
-2
1
-19
-11
-9
-36
-16
38
15
-21
-11
29
22
-22
-9
-30
-3
-13
7
-7
-27
-2
16
3
-36
-29
-19
-27
-24
-27
-38
0
4
3
-2
22
-28
-21
-15
-15
12
-11
-34
-30
-10
14
60209
63512
12
-23
40
63363
82289
54740
50
60592
47
61295
67532
82792
69949
95822
11
37
50712
12
-12
2
13
18
35
-1
27
45
-24
20
-20
-17
36
8
-17
25
3
16
0
8
61161
56463
53158
-3
1
54689
66723
65547
44
54439
74130
41
48
-14
26
21
22
22
-2
68037
5
23
37
13
10
19
34
-9
-5
20
83876
8
19
-16
68147
-13
59275
14
14
13
36
60825
50866
61768
25
58279
69234
51582
44
57739
2
28
40
-8
-18
56241
25
24
20
66958
83237
82442
61552
47
41
45
-6
4
-2
-16
43
19
4
-16
1
23
7
75795
84484
61328
51525
54647
96670
34
-20
26
-25
-9
41
58200
36
7
7
80250
70398
21
-2
8
28
13
19
24
55568
6
57737
64192
12
-10
48
61637
57982
14
50
20
54471
24
-8
50
54492
0
57811
11
-9
88386
61008
21
-4
1
18
20
23
58951
67748
52974
59084
29
61675
-7
15
-1
32
64569
47
32
-4
20
-1
0
8
69063
14
3
17
83754
12
39
77307
71603
26
64793
90634
17
36
27
54390
35
34
29
50
-5
59711
25
-20
-10
7
-6
52081
-11
-22
28
52667
60800
23
5
54221
36
18
36
50230
67169
60854
-10
3
79070
50490
65211
7
36
33
13
75933
-11
27
-30
0
20
25
10
42
26
81694
85343
84626
71501
63612
54811
69364
27
66906
73276
88104
76944
92445
94991
83682
98901
64553
83530
96486
97335
94788
69975
98972
76340
85996
70511
94894
93763
88707
89973
97786
97915
85479
48
50253
70390
98293
97934
98402
77522
19
0
63693
69059
93597
65284
75726
55374
56551
95019
8
87950
51599
74492
90003
76195
-6
42
87395
57004
25
62934
78353
25
78796
50262
42
65875
15
46
90137
51378
98874
60450
30
83522
42
89731
11
52019
65622
91640
70020
75164
57591
57087
19
55848
87524
84648
76384
91266
80459
82326
78985
86496
64917
90429
90789
85667
97086
90061
63136
71329
96907
99659
59726
98092
55486
97726
86659
53259
51239
52274
53626
54907
82267
38
87436
76038
60797
29
62239
33
50
69632
88015
89648
45
34
22
85262
50
78725
49
55053
7
98807
79167
33
84288
92821
56614
89445
60651
99071
73384
15
79708
76033
94700
82404
61240
76673
16
66206
89158
85749
96313
50
85542
39
66996
65793
93833
95958
81979
69576
31
63894
86238
70029
69425
99638
99716
96546
45
92516
84796
76753
83534
79274
95959
70790
76558
63033
54923
94795
55924
82441
88898
72442
69901
98282
99124
93308
59801
82861
82165
79461
96755
85735
84628
90863
66981
71061
66423
91966
73321
43
78755
84999
78191
61116
76175
74354
81380
30
28
22
54084
58076
67008
91532
72195
6
8
83375
59966
14
77016
89955
42
68615
91650
93287
97993
93174
86967
73555
76263
60756
61283
91018
98174
97724
76195
43
65304
94780
95842
83486
53182
52947
49
93445
99877
76070
72951
78987
57737
59076
67567
46
70713
89201
83444
96400
74765
71213
91239
73664
67633
51409
88301
98800
66553
69590
97834
56972
84638
54927
76285
80282
95331
97065
74828
48
63548
89721
80612
84609
71885
56098
5
52001
85225
58277
63540
75060
94053
92365
97358
56622
84352
78296
73393
24
82826
84510
70010
61353
89366
90185
86196
81836
60104
92799
50
44
86453
91744
32
18
94469
67679
96927
97468
81755
87310
94165
30
66228
19
63689
61675
68074
90738
23
40
59117
66280
94656
70744
75504
67906
57411
98261
61046
64261
68663
68197
63463
89690
42
33
78998
78880
80725
47
70957
51361
66005
67994
90189
47
80666
98486
32
78713
63423
53416
46
35
97052
87391
74162
82966
70300
79255
92558
86768
51293
62445
66441
64383
96846
89679
95392
24
67635
59285
97159
86726
91125
92363
77695
41
67065
78650
99199
91884
49
67339
95148
77967
94671
59062
72082
74720
50
87448
64749
93235
87968
54571
60229
66267
96999
94385
79479
87323
73539
50663
-16
39
65760
91186
76801
18
17
42
87954
74743
99242
60347
70434
95249
90793
63359
83441
86123
61317
92522
83708
85666
22
73261
78263
97735
95901
86546
49
95193
99311
59050
54753
88966
96717
72805
72240
72901
69456
-6
82263
97270
96064
96132
75057
93046
78371
97445
20
28
91679
94998
77909
62441
75117
14
89376
99911
20
82445
50649
72020
-22
85741
19
95387
28
81850
66398
80106
92289
67711
76018
79451
